13524678.
46758123.

/*蚂蚁感冒
5
-10 8 -20 12 25
*/

/*国王的烦恼
5 10
2 3 4
4 3 9
3 5 6
3 1 2
1 3 6
4 1 18
4 5 16
5 2 2
2 4 15
1 5 14
*/

/*青蛙跳杯子
*WWBB
WWBB*

WWW*BBB
BBB*WWW
*/

/* 第六周 快速过河
6

4
1 2 5 8
6
1 2 5 8 9 10
7 
1 2 5 8 9 10 13
4
1 99 101 103
7
1 4 5 5 5 8 9
6
1 5 6 8 12 34
*/



/*第五周 摊煎饼
5 3 2 1 4 6
2 5 6 4 3 1

*/


8
1 5 2 4 9 8 6 7



4 4
0 -2 -7 0
9  2 -6 2
-4 1 -4 1
-1 8 0 -2


0 0 9 7 4 8 0 0 0
7 0 0 0 0 0 0 0 0
0 2 0 1 0 9 0 0 0
0 0 7 0 0 0 2 4 0
0 6 4 0 1 0 5 9 0
0 9 8 0 0 0 3 0 0
0 0 0 8 0 3 0 2 0
0 0 0 0 0 0 0 0 6
0 0 0 2 7 5 9 0 0



5 3 0 0 7 0 0 0 0
6 0 0 1 9 5 0 0 0
0 9 8 0 0 0 0 6 0
8 0 0 0 6 0 0 0 3
4 0 0 8 0 3 0 0 1
7 0 0 0 2 0 0 0 6
0 6 0 0 0 0 2 8 0
0 0 0 4 1 9 0 0 5
0 0 0 0 8 0 0 7 9